Run 14989
Subrun 399
Event 3990012
Run 14989
Subrun 399
Event 3990013
5.10663 1.35 70.85
8.48093 1.35 70.85
20.8031 1.35 70.85
5.87489 1.65 70.85
Run 14989
Subrun 399
Event 3990014
Run 14989
Subrun 399
Event 3990015
Run 14989
Subrun 399
Event 3990016
5.2874 -3.45 52.85
17.5493 -3.45 52.85
8.67676 -3.45 52.85
Run 14989
Subrun 399
Event 3990017
Run 14989
Subrun 399
Event 3990018
Run 14989
Subrun 399
Event 3990019
6.28161 15.75 16.85
22.0836 15.75 16.85
25.2018 15.75 16.85
5.95021 16.05 16.85
Run 14989
Subrun 399
Event 3990020
9.06842 -10.65 18.35
21.6467 -10.65 18.35
20.2458 -10.65 18.35
2.60604 -10.35 18.35
1.37081 -10.35 18.35
32.4475 -10.35 18.35
Run 14989
Subrun 399
Event 3990021
Run 14989
Subrun 399
Event 3990022
Run 14989
Subrun 399
Event 3990023
Run 14989
Subrun 399
Event 3990024
Run 14989
Subrun 399
Event 3990025
16.0128 -10.65 16.85
38.0813 -10.65 16.85
17.1728 -10.35 16.85
6.7034 -10.35 16.85
Run 14989
Subrun 399
Event 3990026
Run 14989
Subrun 399
Event 3990027
27.612 15.75 18.35
44.9956 15.75 18.35
22.415 15.75 18.35
12.0511 15.75 18.35
23.2887 15.75 18.35
41.6213 16.05 18.35
7.75787 16.05 18.35
12.0511 16.05 18.35
Run 14989
Subrun 399
Event 3990029
Run 14989
Subrun 399
Event 3990030
Run 14989
Subrun 399
Event 3990031
Run 14989
Subrun 399
Event 3990032
33.0801 -5.85 16.85
40.2355 -5.55 16.85
Run 14989
Subrun 399
Event 3990033
4.73004 8.55 52.85
38.2169 8.55 52.85
3.40442 8.55 52.85
14.2805 8.55 52.85
7.86331 8.55 52.85
7.47165 8.85 52.85
3.88647 8.85 52.85
3.64544 9.15 52.85
12.2318 9.15 52.85
Run 14989
Subrun 399
Event 3990034
Run 14989
Subrun 399
Event 3990035
22.0986 8.55 79.85
22.0986 -5.85 84.35
9.7011 8.55 79.85
9.7011 -5.85 84.35
21.1195 8.55 79.85
21.1195 -5.85 84.35
7.9085 8.55 79.85
7.9085 -5.85 84.35
19.7788 8.55 79.85
19.7788 -5.85 84.35
3.73583 8.55 79.85
3.73583 -5.85 84.35
11.5088 8.55 79.85
11.5088 -5.85 84.35
14.0395 8.55 79.85
14.0395 -5.85 84.35
24.5842 8.55 79.85
24.5842 -5.85 84.35
6.71846 8.55 79.85
6.71846 -5.85 84.35
17.2179 8.55 79.85
17.2179 -5.85 84.35
26.0152 8.55 79.85
26.0152 -5.85 84.35
23.1832 8.55 79.85
23.1832 -5.85 84.35
23.605 8.55 79.85
23.605 -5.85 84.35
5.04638 8.55 79.85
5.04638 -5.85 84.35
20.5922 -5.85 84.35
29.0732 -5.85 84.35
21.6316 8.85 79.85
21.6316 -5.55 84.35
Run 14989
Subrun 399
Event 3990036
40.371 -15.15 75.35
26.2864 -15.15 75.35
6.58289 -14.85 75.35
18.2875 -14.85 75.35
1.91311 -14.55 75.35
17.9561 -14.55 75.35
Run 14989
Subrun 399
Event 3990038
24.2226 10.95 52.85
Run 14989
Subrun 399
Event 3990039
12.6837 8.55 84.35
17.0974 8.55 84.35
Run 14989
Subrun 399
Event 3990040
7.08 15.45 69.35
4.59446 15.45 69.35
12.518 15.45 69.35
10.4392 15.45 69.35
11.6142 15.15 69.35
9.59565 15.15 69.35
Run 14989
Subrun 399
Event 3990041
Run 14989
Subrun 399
Event 3990042
13.1357 -17.85 27.35
10.5597 -17.85 27.35
12.4277 -17.85 27.35
13.6478 -17.55 27.35
Run 14989
Subrun 399
Event 3990043
Run 14989
Subrun 399
Event 3990045
13.7683 3.75 67.55
4.88068 3.75 67.55
30.203 4.05 67.55
41.3652 4.05 67.55
Run 14989
Subrun 399
Event 3990047
1.32562 -3.45 61.85
Run 14989
Subrun 399
Event 3990054
5.57361 6.15 75.35
9.71616 6.45 75.35
6.50757 7.65 75.35
6.8691 7.95 75.35
Run 14989
Subrun 399
Event 3990056
4.09736 3.75 18.05
3.41949 3.75 18.05
3.66051 3.75 18.35
3.22366 4.35 18.35
3.3291 4.65 18.35
